   9342.64160       39.7999992    
   9126.77832       39.6009979    
   8840.64648       39.4029922    
   8422.82812       39.2059784    
   8420.08496       39.0099487    
   8145.51611       38.8148994    
   7803.91406       38.6208267    
   7752.03320       38.4277229    
   7752.03320       38.2355843    
   7752.03320       38.0444069    
   7803.91406       37.8541832    
   7751.44580       37.6649132    
   7965.52344       37.4765892    
   7887.24707       37.2892075    
   7887.24707       37.1027603    
   7854.99365       36.9172478    
   7651.96875       36.7326622    
   7651.96875       36.5489998    
   7536.55078       36.3662567    
   7536.55078       36.1844254    
   7334.07324       36.0035019    
   7324.24854       35.8234863    
   7322.36084       35.6443672    
   7322.36084       35.4661446    
   7322.36084       35.2888145    
   7213.36377       35.1123695    
   7212.02637       34.9368095    
   7127.20557       34.7621269    
   7131.31055       34.5883179    
   6954.95557       34.4153748    
   7009.55664       34.2432976    
   6917.59521       34.0720825    
   6899.44336       33.9017220    
   6899.44336       33.7322121    
   6899.44336       33.5635529    
   6993.00293       33.3957367    
   6976.02930       33.2287598    
   6928.65332       33.0626144    
   6928.65332       32.8973007    
   6973.33643       32.7328148    
   6973.33643       32.5691490    
   6980.47705       32.4063034    
   6970.90039       32.2442703    
   6971.43848       32.0830498    
   6970.90039       31.9226341    
   6970.90039       31.7630215    
   6982.24316       31.6042061    
   6970.90039       31.4461861    
   6940.93457       31.2889557    
   6940.93457       31.1325111    
   6972.21729       30.9768486    
   6972.21729       30.8219643    
   6925.98486       30.6678543    
   6925.98486       30.5145149    
   6925.98486       30.3619423    
   6917.23633       30.2101326    
   6971.86865       30.0590820    
   6874.83740       29.9087868    
   6874.83740       29.7592430    
   6844.33252       29.6104469    
   6844.33252       29.4623947    
   6844.33252       29.3150826    
   6859.20312       29.1685066    
   6877.66455       29.0226650    
   6877.66455       28.8775520    
   6748.55322       28.7331638    
   6799.17041       28.5894985    
   6714.17871       28.4465504    
   6732.94531       28.3043175    
   6732.94531       28.1627960    
   6672.49219       28.0219822    
   6653.49316       27.8818722    
   6647.91162       27.7424622    
   6585.25195       27.6037502    
   6585.25195       27.4657307    
   6603.32666       27.3284016    
   6603.32666       27.1917591    
   6593.81885       27.0558014    
   6527.80273       26.9205227    
   6527.80273       26.7859211    
   6545.73438       26.6519909    
   6575.11475       26.5187302    
   6575.11475       26.3861370    
   6575.11475       26.2542057    
   6665.15234       26.1229343    
   6688.01465       25.9923191    
   6688.01465       25.8623581    
   6671.86621       25.7330456    
   6671.86621       25.6043797    
   6679.51367       25.4763584    
   6656.29736       25.3489761    
   6656.29736       25.2222309    
   6674.66113       25.0961189    
   6639.23291       24.9706383    
   6619.91748       24.8457851    
   6581.16992       24.7215557    
   6581.16992       24.5979481    
   6648.48730       24.4749584    
   6623.54590       24.3525829    
   6620.53418       24.2308197    
   6589.57275       24.1096649    
   6562.96973       23.9891167    
   6378.10498       23.8691711    
   6355.63135       23.7498245    
   6381.97363       23.6310749    
   6381.97363       23.5129204    
   6381.97363       23.3953552    
   6381.97363       23.2783794    
   6383.88232       23.1619873    
   6380.90625       23.0461769    
   6380.90625       22.9309464    
   6380.90625       22.8162918    
   6250.93164       22.7022114    
   6219.87305       22.5887012    
   6214.43359       22.4757576    
   6200.45410       22.3633785    
   6200.45410       22.2515621    
   6197.44434       22.1403046    
   6239.82715       22.0296040    
