   54.7842026       13.9316959       7.18351126       15.1777821    
   30.8912945       41.8317528       11.0273066       12.1607609    
   37.6691437       29.0112457       13.9233646       9.99400043    
   38.4213676       51.7993393       16.5502930       3.90244222    
   33.4709702       13.2660799       16.5861607       15.2906303    
   54.5269585       40.1072769       4.93331528       11.6258974    
   48.9991264       31.3122635       4.62091303       4.13379049    
   47.8000870       17.9624691       5.45657206       10.2570114    
   42.6385765       42.0865746       11.5820198       12.5835056    
   27.9078121       28.2590446       4.57799959       8.00899029    
