   23.1249275       44.2220345       6.39779711       15.7881269    
   43.0297165       53.0577774       11.3084650       2.75755763    
   15.7518072       73.0231476       10.1519604       1.06396627    
   15.9169865       16.5813446       8.95089626       13.6926260    
   39.8943100       3.17035151       6.68841600       2.39977980    
   9.60746670       5.12352371       1.00686800       5.84513950    
   5.28174877       62.2444229       8.17304516       16.9814358    
   71.7190323       22.0917225       3.67824268       2.60624576    
   59.5454597       12.8247538       9.80726814       12.8469229    
   11.9497156       41.6472015       1.24178421       2.11672735    
   39.5305443       37.0145531       5.80532598       11.2051373    
   2.99382663       26.7795086       5.93980169       11.7355499    
   45.9265060       65.6797791       10.5558157       15.9765062    
   49.1838188       4.00685549       8.45961475       16.5941391    
   18.5778847       59.3311348       6.40474749       13.9243717    
   47.2380180       33.5595932       6.40335560       17.3778419    
   62.8867836       44.4587898       16.6105061       5.66769648    
   14.4749918       43.0767250       3.71676517       11.2704611    
   60.4215393       49.5128670       13.5298605       1.95418417    
   44.8396149       18.0580330       8.87762451       5.61567736    
   86.7517624       62.5579987       14.2328882       9.18442631    
   30.0248528       10.3351974       1.11571038       15.3909731    
   38.1570511       26.9467106       10.7300549      0.182029575    
   32.5218048       81.0565491       2.85006666       9.72733307    
   83.7117767       36.3411865       8.15444279       10.9353247    
   67.9838867       59.1533241       11.6468782       4.22432995    
   32.0800858       54.2532082       8.98775387       6.61619663    
   44.4229202       84.0604706       1.77145481       5.09960270    
   67.1183853       89.5966644       3.78572822       16.8019371    
   14.9721289       68.2721710       5.74950123       1.45344830    
   75.4349060       15.0591393       16.7343941       1.96682155    
   6.08926678       82.5997620       12.3096104      0.867838204    
   22.6882420       15.6548996       3.17788529       6.48467445    
   11.5761871       78.5996780       9.81939983       1.10020757    
   75.3778076       32.4435883       2.23811197       2.89677763    
   1.27562249       37.3836517       4.67245626       6.29564524    
   22.3540668       32.8644753       16.7650414       5.12435722    
   32.7348175       43.0139351       5.76512909       9.80855370    
   63.8535156       67.7761765       6.32317352       5.09891957E-02
   39.6574326       85.6991272       2.52194047       16.8560047    
   15.0629473       86.1992035       4.91389132      0.762864709    
   42.6283798       23.7643738      0.330141008       2.99843717    
   77.8024063       49.9103394       4.53351164       15.6735077    
   26.1684437       66.4896545       6.31591845       3.64065242    
   43.2240753       5.38236380       2.93730974       1.69173622    
   88.1362457       26.9348087       3.09232903      0.345578641    
   61.3215446       77.5121307       3.11860800       4.28671932    
   50.5039978       46.1426125       7.02769423       1.50474072    
   64.1154022       55.9562302       16.3980064       1.44794452    
   33.5337563       68.2115707       5.58993626       10.7711954    
